start=918.200000
volume=130.000000
fullscreen=yes
