start=701.910000
pause=yes
sub-pos=105
sub-scale=0.800000
