start=7245.498000
volume=130.000000
