start=305.640000
volume=104.000000
fullscreen=yes
