start=1265.055000
volume=130.000000
fullscreen=yes
