start=4985.048000
volume=130.000000
