start=1012.583333
volume=130.000000
fullscreen=yes
