start=2.628000
volume=84.000000
fullscreen=yes
