start=173.680000
pause=yes
sub-delay=-0.100000
