start=1284.909000
volume=90.000000
audio-delay=-0.000000
fullscreen=yes
sid=2
sub-scale=0.800000
