start=3.212000
volume=120.000000
sub-visibility=no
