start=1424.583000
volume=96.000000
fullscreen=yes
aid=2
sid=4
sub-visibility=no
