start=340.850500
volume=116.000000
deinterlace=yes
