start=1471.208333
volume=26.000000
fullscreen=yes
