start=95.542000
volume=76.000000
fullscreen=yes
