start=3438.367000
volume=124.000000
fullscreen=yes
