start=141.942000
volume=40.000000
fullscreen=yes
