start=592.308000
volume=80.000000
fullscreen=yes
