start=851.900000
pause=yes
volume=130.000000
