start=1394.466000
volume=130.000000
fullscreen=yes
