start=6784.200000
volume=116.000000
fullscreen=yes
