start=1260.426000
fullscreen=yes
panscan=0.200000
sid=2
