start=61.066667
volume=82.000000
fullscreen=yes
