start=2517.647000
fullscreen=yes
sid=1
sub-scale=0.800000
