start=2582.413167
volume=126.000000
fullscreen=yes
