start=440.333000
volume=104.000000
