start=204.838000
volume=130.000000
