start=1259.300000
fullscreen=yes
sid=2
sub-scale=0.800000
