start=1335.376000
volume=86.000000
fullscreen=yes
sid=2
sub-scale=0.700000
