start=280.664000
volume=130.000000
fullscreen=yes
