start=2.983000
volume=62.000000
