start=3738.633333
volume=130.000000
fullscreen=yes
