start=192.525667
fullscreen=yes
sub-scale=0.700000
