start=1945.520000
volume=130.000000
