start=2664.919000
volume=94.000000
fullscreen=yes
gamma=-40
brightness=16
contrast=19
saturation=-2
sid=1
sub-scale=0.800000
