start=394.610000
volume=84.000000
fullscreen=yes
