start=1583.265000
pause=yes
volume=130.000000
sid=1
