start=4622.233000
volume=92.000000
