start=2489.529000
volume=98.000000
