start=2646.192000
volume=116.000000
audio-delay=-0.000000
fullscreen=yes
sid=1
