start=2672.635000
volume=130.000000
fullscreen=yes
gamma=-1
brightness=-3
saturation=8
sid=1
