start=3686.875000
volume=72.000000
