start=17305.667000
volume=116.000000
fullscreen=yes
