start=601.840000
fullscreen=yes
sub-scale=0.800000
