start=5289.017067
volume=82.000000
fullscreen=yes
sub-pos=101
