start=16469.430775
volume=110.000000
