start=1953.493000
pause=yes
volume=114.000000
