start=587.598000
pause=yes
volume=130.000000
contrast=1
sid=1
