start=1267.850000
fullscreen=yes
sid=2
sub-scale=0.900000
