start=1504.625000
volume=34.000000
fullscreen=yes
