start=1271.520000
fullscreen=yes
sid=2
sub-scale=0.800000
