start=396.100000
volume=94.000000
fullscreen=yes
