start=82.783000
volume=130.000000
