start=316.016000
volume=130.000000
