start=1032.398000
volume=116.000000
fullscreen=yes
