start=1151.360000
volume=64.000000
fullscreen=yes
