start=1277.610000
volume=86.000000
contrast=-1
sub-pos=103
sub-visibility=no
