start=275.640000
volume=118.000000
