start=191.041667
fullscreen=yes
sub-scale=0.700000
