start=552.000000
volume=60.000000
fullscreen=yes
