start=524.933000
audio-delay=-0.000000
fullscreen=yes
aid=1
