start=109.859860
fullscreen=yes
sub-scale=0.800000
