start=806.680000
volume=118.000000
fullscreen=yes
