start=2140.600000
pause=yes
volume=74.000000
