start=1282.902419
volume=76.000000
brightness=-12
