start=5816.436000
volume=74.000000
fullscreen=yes
sid=1
sub-scale=0.700000
