start=867.800000
volume=114.000000
