start=133.099000
volume=54.000000
