start=821.700000
volume=98.000000
fullscreen=yes
