start=1448.000000
volume=122.000000
