start=6406.789937
volume=124.000000
