start=1428.160000
volume=130.000000
fullscreen=yes
