start=158.666000
volume=74.000000
fullscreen=yes
