start=872.489000
volume=102.000000
