start=8077.726000
volume=112.000000
