start=10.844000
volume=116.000000
