start=862.600000
volume=78.000000
fullscreen=yes
