start=9512.648000
volume=130.000000
