start=434.880000
volume=130.000000
fullscreen=yes
