start=783.320000
volume=56.000000
fullscreen=yes
