start=2813.727583
volume=130.000000
fullscreen=yes
