start=1256.839000
volume=56.000000
fullscreen=yes
sid=2
