start=2048.087708
volume=108.000000
