start=196.760000
volume=72.000000
fullscreen=yes
