start=36.433333
volume=118.000000
fullscreen=yes
