start=1281.322000
volume=106.000000
fullscreen=yes
