start=9869.875000
volume=98.000000
sub-visibility=no
