start=512.266000
volume=130.000000
fullscreen=yes
