start=215.982000
volume=130.000000
fullscreen=yes
