start=1262.178000
volume=80.000000
