start=658.683000
volume=88.000000
fullscreen=yes
