start=1437.394275
fullscreen=yes
sub-scale=0.900000
