start=621.754000
volume=126.000000
fullscreen=yes
