start=1292.416000
volume=84.000000
fullscreen=yes
sub-scale=1.400000
