start=1259.008000
volume=110.000000
fullscreen=yes
sid=2
