start=1219.620000
volume=92.000000
