start=234.260793
volume=36.000000
