start=1324.823000
sid=2
sub-scale=0.800000
