start=7153.412000
volume=128.000000
