start=1269.768000
fullscreen=yes
sid=2
sub-scale=0.900000
