start=1234.650000
volume=48.000000
