start=141.895000
fullscreen=yes
aid=1
sid=13
sub-visibility=no
sub-scale=0.700000
