start=1711.537339
audio-delay=0.000000
fullscreen=yes
panscan=0.200000
vid=no
