start=1172.615000
osd-level=3
fullscreen=yes
aid=1
sid=1
sub-pos=104
sub-scale=0.900000
