start=616.032000
volume=130.000000
fullscreen=yes
