start=644.800000
volume=84.000000
fullscreen=yes
