start=4496.000000
volume=120.000000
