start=12210.600000
volume=112.000000
