start=455.633333
fullscreen=yes
contrast=-1
panscan=0.000000
sub-pos=79
