start=714.947567
volume=114.000000
