start=1296.402223
volume=130.000000
fullscreen=yes
