start=1288.621000
volume=106.000000
fullscreen=yes
