start=1927.600000
volume=130.000000
