start=1334.674000
volume=110.000000
sid=2
