start=241.200000
pause=yes
volume=74.000000
