start=3585.366322
volume=106.000000
fullscreen=yes
