start=605.667000
fullscreen=yes
aid=2
sub-scale=1.100000
