start=4558.908000
volume=92.000000
