start=247.289000
pause=yes
volume=102.000000
