start=557.458000
volume=126.000000
fullscreen=yes
aid=2
