start=3197.653000
volume=120.000000
fullscreen=yes
