start=207.234000
volume=126.000000
fullscreen=yes
