start=3153.313196
volume=130.000000
