start=653.600000
volume=110.000000
