start=2686.225000
fullscreen=yes
aid=1
sid=2
sub-scale=0.900000
