start=2306.516000
pause=yes
volume=130.000000
