start=6656.107792
volume=116.000000
fullscreen=yes
