start=1266.599000
volume=120.000000
fullscreen=yes
sid=1
