start=1271.145000
volume=96.000000
fullscreen=yes
sid=1
