start=281.656000
volume=130.000000
fullscreen=yes
