start=126.667000
volume=72.000000
fullscreen=yes
