start=9954.625000
volume=130.000000
fullscreen=yes
sub-scale=0.800000
