start=5808.000000
pause=yes
volume=130.000000
