start=4641.500000
volume=118.000000
fullscreen=yes
