start=363.586000
volume=78.000000
fullscreen=yes
