start=941.567000
volume=130.000000
fullscreen=yes
