start=97.467000
volume=64.000000
