start=1801.766000
pause=yes
volume=116.000000
