start=1912.400000
pause=yes
volume=102.000000
