start=1349.748000
volume=104.000000
fullscreen=yes
sid=1
sub-visibility=no
