start=121.031000
volume=82.000000
fullscreen=yes
