start=1291.916000
volume=116.000000
fullscreen=yes
