start=178.875000
volume=120.000000
