start=1316.899000
volume=130.000000
fullscreen=yes
