start=1344.267000
fullscreen=yes
aid=1
sid=2
sub-scale=0.800000
