start=4806.480000
volume=102.000000
fullscreen=yes
