start=1322.738000
fullscreen=yes
sid=2
sub-scale=0.700000
