start=1265.431000
volume=114.000000
fullscreen=yes
