start=77.711000
volume=108.000000
