start=621.927901
volume=130.000000
panscan=0.100000
sub-pos=99
