start=612.900000
volume=128.000000
fullscreen=yes
