start=1403.868000
volume=98.000000
fullscreen=yes
sid=1
