start=3414.375000
volume=108.000000
