start=1402.735000
volume=104.000000
fullscreen=yes
