start=3222.417000
volume=118.000000
