start=1392.785655
volume=108.000000
