start=1317.191000
volume=126.000000
fullscreen=yes
