start=3265.216000
volume=122.000000
