start=1276.233000
volume=130.000000
fullscreen=yes
