start=1372.413000
fullscreen=yes
sub-delay=-0.100000
