start=1271.228000
volume=122.000000
fullscreen=yes
sid=1
