start=5191.800000
volume=130.000000
