start=2434.167000
volume=118.000000
fullscreen=yes
