start=1295.961000
volume=130.000000
fullscreen=yes
sid=1
