start=1386.093000
volume=102.000000
