start=1272.521000
pause=yes
volume=106.000000
sid=1
