start=997.958000
volume=120.000000
fullscreen=yes
