start=6043.637000
volume=130.000000
