start=1325.414000
volume=130.000000
fullscreen=yes
contrast=1
sid=1
