start=2980.444000
volume=108.000000
fullscreen=yes
