start=100.834000
volume=106.000000
fullscreen=yes
