start=2448.840000
pause=yes
volume=130.000000
