start=5298.867000
volume=130.000000
