start=1419.335000
fullscreen=yes
sid=2
sub-scale=0.800000
