start=5486.147000
volume=98.000000
fullscreen=yes
