start=1342.884000
volume=118.000000
