start=1266.390000
volume=104.000000
fullscreen=yes
sid=1
