start=3905.848953
volume=130.000000
