start=6014.384000
volume=112.000000
