start=1316.280000
volume=110.000000
fullscreen=yes
sid=1
