start=2597.233000
volume=98.000000
fullscreen=yes
