start=2738.550000
volume=122.000000
