start=10112.208000
volume=130.000000
fullscreen=yes
sub-pos=99
sub-scale=0.900000
