start=1417.124000
fullscreen=yes
sid=2
sub-scale=0.900000
