start=146.600000
volume=114.000000
