start=3278.150000
volume=130.000000
fullscreen=yes
