start=1294.793000
fullscreen=yes
sid=1
sub-visibility=no
sub-scale=0.800000
