start=1210.176000
volume=110.000000
fullscreen=yes
