start=3500.600000
volume=130.000000
