start=1315.929942
volume=54.000000
fullscreen=yes
