start=488.133333
volume=102.000000
fullscreen=yes
