start=784.300000
volume=128.000000
