start=8697.000000
volume=130.000000
