start=6131.414917
volume=130.000000
fullscreen=yes
