start=1793.067000
volume=126.000000
