start=4198.611000
volume=130.000000
fullscreen=yes
