start=156.080000
volume=98.000000
fullscreen=yes
