start=1392.558000
fullscreen=yes
sid=2
sub-scale=0.600000
