start=1290.873000
volume=108.000000
fullscreen=yes
sub-scale=0.800000
