start=1264.138000
volume=128.000000
fullscreen=yes
