start=1264.430000
volume=120.000000
sid=1
