start=294.211000
volume=94.000000
