start=320.760000
volume=56.000000
