start=2740.279000
volume=130.000000
fullscreen=yes
