start=54.366000
volume=130.000000
fullscreen=yes
