start=3532.520000
volume=114.000000
