start=354.730989
volume=106.000000
