start=343.433333
volume=120.000000
