start=6504.600000
volume=130.000000
