start=4560.766000
volume=116.000000
fullscreen=yes
