start=2835.875000
volume=122.000000
fullscreen=yes
sid=3
