start=1265.931000
volume=108.000000
fullscreen=yes
