start=16331.550000
volume=118.000000
fullscreen=yes
