start=13679.920000
volume=120.000000
