start=1421.754000
fullscreen=yes
sid=2
sub-scale=0.900000
