start=6042.667000
volume=130.000000
fullscreen=yes
