start=1051.200000
volume=86.000000
fullscreen=yes
