start=9750.833000
sub-delay=-0.100000
sub-visibility=no
