start=1074.000000
volume=126.000000
