start=2867.400000
volume=106.000000
fullscreen=yes
