start=5223.066000
volume=128.000000
