start=1265.890000
volume=124.000000
