start=1294.126000
volume=104.000000
sid=1
