start=884.432000
pause=yes
volume=80.000000
sid=1
