start=5135.160000
volume=106.000000
