start=428.600000
volume=128.000000
