start=1263.554000
volume=130.000000
fullscreen=yes
sid=1
