start=905.920000
fullscreen=yes
sub-scale=1.100000
