start=1316.489000
volume=120.000000
fullscreen=yes
sid=1
