start=1333.791000
volume=80.000000
fullscreen=yes
