start=1272.104000
volume=118.000000
sid=2
