start=6890.258000
volume=78.000000
fullscreen=yes
sid=1
