start=13870.233500
volume=106.000000
