start=614.333000
volume=130.000000
