start=5003.799000
volume=122.000000
fullscreen=yes
