start=3814.640000
volume=50.000000
fullscreen=yes
