start=2233.080348
volume=46.000000
