start=932.125865
volume=130.000000
fullscreen=yes
