start=4833.600000
volume=130.000000
brightness=-1
