start=72.583333
volume=114.000000
fullscreen=yes
