start=800.292000
fullscreen=yes
sub-scale=0.000000
