start=330.704978
fullscreen=yes
panscan=0.000000
