start=8239.500000
volume=114.000000
fullscreen=yes
