start=3178.767000
pause=yes
volume=110.000000
