start=767.467000
pause=yes
volume=98.000000
