start=478.966667
volume=112.000000
fullscreen=yes
