start=398.800000
pause=yes
volume=110.000000
