start=10072.033000
volume=114.000000
