start=1256.046000
volume=122.000000
fullscreen=yes
