start=2792.800000
volume=102.000000
fullscreen=yes
saturation=3
