start=535.127887
volume=130.000000
