start=1726.793103
volume=48.000000
fullscreen=yes
