start=1531.360000
volume=66.000000
