start=9279.833000
pause=yes
volume=130.000000
